321,
327,
332,
338,
343,
349,
354,
359,
363,
368,
372,
376,
379,
382,
385,
387,
389,
390,
391,
391,
391,
391,
390,
389,
387,
385,
382,
380,
376,
373,
369,
365,
361,
357,
352,
348,
343,
339,
334,
329,
325,
320,
316,
312,
308,
304,
301,
298,
296,
293,
291,
290,
289,
288,
288,
288,
289,
290,
291,
293,
295,
298,
301,
305,
309,
313,
317,
322,
327,
332,
337,
343,
348,
354,
359,
365,
370,
376,
381,
386,
391,
396,
400,
404,
408,
412,
415,
417,
420,
421,
423,
424,
424,
424,
424,
423,
422,
420,
418,
416,
413,
410,
407,
403,
399,
395,
390,
386,
381,
376,
371,
366,
361,
357,
352,
347,
343,
339,
335,
331,
328,
325,
322,
320,
318,
316,
315,
315,
314,
315,
315,
316,
318,
320,
322,
325,
328,
331,
335,
339,
343,
348,
353,
358,
363,
368,
373,
379,
384,
389,
394,
399,
404,
409,
414,
418,
422,
426,
429,
432,
434,
437,
438,
440,
441,
441,
441,
441,
440,
439,
437,
435,
432,
429,
426,
422,
419,
414,
410,
405,
401,
396,
391,
385,
380,
375,
370,
365,
360,
355,
351,
346,
342,
338,
335,
332,
329,
326,
324,
323,
321,
321,
320,
320,
321,
322,
323,
325,
327,
330,
333,
336,
340,
343,
348,
352,
357,
361,
366,
371,
376,
381,
386,
391,
396,
400,
405,
409,
413,
417,
421,
424,
427,
429,
431,
433,
434,
435,
435,
435,
435,
434,
433,
431,
428,
426,
423,
419,
416,
412,
407,
403,
398,
393,
388,
382,
377,
371,
366,
360,
355,
350,
345,
340,
335,
330,
326,
322,
318,
315,
312,
310,
307,
306,
304,
304,
303,
303,
304,
305,
306,
308,
310,
312,
315,
318,
322,
325,
329,
334,
338,
342,
347,
352,
357,
361,
366,
371,
375,
380,
384,
388,
391,
395,
398,
401,
403,
405,
407,
408,
409,
409,
409,
409,
408,
406,
404,
402,
399,
396,
393,
389,
385,
381,
376,
371,
366,
361,
355,
350,
344,
338,
333,
327,
321,
316,
311,
306,
301,
296,
292,
288,
284,
281,
278,
276,
274,
272,
271,
270,
270,
270,
270,
271,
273,
274,
277,
279,
282,
285,
289,
292,
296,
301,
305,
309,
314,
319,
323,
328,
333,
337,
341,
346,
350,
353,
357,
360,
363,
365,
368,
369,
371,
372,
372,
372,
372,
371,
370,
368,
366,
364,
361,
358,
354,
350,
346,
341,
336,
331,
326,
321,
315,
309,
304,
298,
292,
287,
281,
276,
271,
266,
261,
257,
253,
249,
246,
243,
240,
238,
236,
234,
233,
233,
233,
233,
234,
235,
237,
239,
241,
244,
247,
251,
254,
258,
262,
267,
271,
276,
281,
285,
290,
295,
300,
304,
308,
313,
317,
320,
324,
327,
330,
332,
334,
336,
337,
338,
339,
339,
338,
338,
336,
335,
332,
330,
327,
324,
320,
316,
312,
307,
302,
297,
292,
287,
282,
276,
271,
265,
260,
254,
249,
244,
239,
235,
230,
226,
223,
219,
216,
214,
211,
209,
208,
207,
207,
207,
207,
208,
209,
211,
213,
215,
218,
221,
225,
229,
233,
237,
242,
246,
251,
256,
261,
266,
271,
276,
281,
285,
290,
294,
299,
302,
306,
309,
312,
315,
317,
319,
320,
321,
322,
322,
321,
321,
319,
318,
316,
313,
310,
307,
304,
300,
296,
291,
287,
282,
277,
272,
267,
262,
257,
251,
246,
241,
237,
232,
228,
223,
220,
216,
213,
210,
207,
205,
203,
202,
201,
201,
201,
201,
202,
204,
205,
208,
210,
213,
216,
220,
224,
228,
233,
238,
243,
248,
253,
258,
263,
269,
274,
279,
284,
289,
294,
299,
303,
307,
311,
314,
317,
320,
322,
324,
326,
327,
327,
328,
327,
327,
326,
324,
322,
320,
317,
314,
311,
307,
303,
299,
295,
290,
285,
281,
276,
271,
266,
261,
256,
252,
247,
243,
239,
235,
232,
229,
226,
224,
222,
220,
219,
218,
218,
218,
218,
219,
221,
222,
225,
227,
230,
234,
238,
242,
246,
251,
256,
261,
266,
272,
277,
283,
288,
294,
299,
305,
310,
315,
320,
325,
329,
333,
337,
341,
344,
347,
349,
351,
352,
353,
354,
354,
354,
353,
352,
351,
349,
346,
344,
341,
338,
334,
330,
326,
322,
317,
313,
308,
303,
299,
294,
290,
285,
281,
277,
273,
269,
266,
262,
260,
257,
255,
253,
252,
251,
251,
251,
251,
252,
253,
255,
257,
260,
263,
266,
270,
274,
279,
283,
288,
293,
299,
304,
310,
315,
